1 0.5
2 0.6
3 0.7
4 0.8
5 0.4
6 0.3
7 0.9
8 1.0
9 0.2
10 0.5
11 0.55
12 0.65
13 0.75
14 0.85
15 0.45
16 0.5
17 0.6
18 0.7
19 0.8
20 0.4
21 0.48
22 0.58
23 0.68
24 0.78
25 0.88
26 0.38
27 0.47
28 0.57
29 0.67
30 0.77
31 0.87
32 0.37
33 0.46
34 0.56
35 0.66
36 0.76
37 0.86
38 0.36
39 0.45
40 0.55
41 0.65
42 0.75
43 0.85
44 0.35
45 0.44
46 0.54
47 0.64
48 0.74
49 0.84
50 0.34
51 0.5
52 0.6
53 0.7
54 0.8
55 0.4
56 0.3
57 0.9
58 1.0
59 0.2
60 0.5
61 0.55
62 0.65
63 0.75
64 0.85
65 0.45
66 0.5
67 0.6
68 0.7
69 0.8
70 0.4
71 0.48
72 0.58
73 0.68
74 0.78
75 0.88
76 0.38
77 0.47
78 0.57
79 0.67
80 0.77
81 0.87
82 0.37
83 0.46
84 0.56
85 0.66
86 0.76
87 0.86
88 0.36
89 0.45
90 0.55
91 0.65
92 0.75
93 0.85
94 0.35
95 0.44
96 0.54
97 0.64
98 0.74
99 0.84
100 0.34